0.080000 0.002665 0.001526 
0.160000 0.005210 0.002262 
0.240000 0.006868 0.002921 
0.320000 0.009351 0.003457 
0.400000 0.006526 0.003975 
0.480000 0.007598 0.004834 
0.560000 0.008893 0.005111 
0.640000 0.012522 0.005707 
0.720000 0.009838 0.006122 
0.800000 0.006876 0.006468 
0.880000 0.003291 0.006986 
0.960000 0.004098 0.007491 
1.040000 0.003847 0.007834 
1.120000 0.001839 0.008257 
1.200000 0.003839 0.009115 
1.280000 0.004614 0.009329 
1.360000 0.004345 0.009636 
1.440000 0.002774 0.009912 
1.520000 0.002003 0.010584 
1.600000 0.003862 0.010343 
1.680000 0.003223 0.011587 
1.760000 0.004523 0.011259 
1.840000 0.005815 0.011323 
1.920000 0.006262 0.012252 
2.000000 0.005823 0.011819 
2.020000 0.006422 0.012440 
2.040000 0.006090 0.012403 
2.060000 0.003718 0.012700 
2.080000 0.003424 0.012701 
2.100000 0.002603 0.012181 
2.120000 0.002841 0.012459 
2.140000 0.002236 0.011979 
2.160000 0.001701 0.012466 
2.180000 0.001294 0.012273 
2.200000 0.003089 0.013443 
2.220000 0.001517 0.012197 
2.240000 0.002491 0.013098 
2.260000 0.003838 0.013015 
2.280000 0.002457 0.012454 
2.300000 0.003966 0.012310 
2.320000 0.002953 0.012311 
2.340000 0.002731 0.013151 
2.360000 0.000622 0.012647 
2.380000 0.002002 0.012724 
2.400000 0.001732 0.012579 
2.420000 0.002817 0.012980 
2.440000 0.003182 0.012777 
2.460000 0.002650 0.012920 
2.480000 0.003592 0.012691 
2.500000 0.004463 0.013301 
2.520000 0.004003 0.013780 
2.540000 0.005457 0.013224 
2.560000 0.004927 0.013143 
2.580000 0.007189 0.013474 
2.600000 0.009174 0.013238 
2.620000 0.010598 0.013386 
2.640000 0.010562 0.013331 
2.660000 0.012950 0.013173 
2.680000 0.017961 0.012998 
2.700000 0.022953 0.013040 
2.720000 0.025734 0.013122 
2.740000 0.031155 0.012877 
2.760000 0.037692 0.013189 
2.780000 0.040935 0.012841 
2.800000 0.048139 0.013353 
2.820000 0.054370 0.013329 
2.840000 0.060080 0.013403 
2.860000 0.065529 0.012716 
2.880000 0.072732 0.013119 
2.900000 0.080650 0.013114 
2.920000 0.088531 0.013489 
2.940000 0.098362 0.013258 
2.960000 0.106023 0.013618 
2.980000 0.115372 0.013693 
3.000000 0.124915 0.012926 
3.020000 0.133395 0.013696 
3.040000 0.143939 0.013224 
3.060000 0.153119 0.012890 
3.080000 0.164074 0.012781 
3.100000 0.174018 0.013308 
3.120000 0.183879 0.014013 
3.140000 0.194630 0.013212 
3.160000 0.205232 0.013308 
3.180000 0.214637 0.013543 
3.200000 0.225584 0.013540 
3.220000 0.235613 0.013605 
3.240000 0.246574 0.013371 
3.260000 0.257577 0.014028 
3.280000 0.268794 0.013273 
3.300000 0.279131 0.013820 
3.320000 0.288736 0.013927 
3.340000 0.301257 0.013656 
3.360000 0.310073 0.013961 
3.380000 0.320571 0.014232 
3.400000 0.332251 0.014245 
3.420000 0.341958 0.013643 
3.440000 0.353668 0.013726 
3.460000 0.363919 0.014322 
3.480000 0.373364 0.013863 
3.500000 0.383984 0.013594 
3.520000 0.393610 0.013928 
3.540000 0.402626 0.013932 
3.560000 0.411479 0.013781 
3.580000 0.420239 0.014684 
3.600000 0.428871 0.013943 
3.620000 0.437255 0.014034 
3.640000 0.443934 0.014461 
3.660000 0.452106 0.013793 
3.680000 0.460403 0.013794 
3.700000 0.467863 0.014159 
3.720000 0.475840 0.014076 
3.740000 0.482614 0.014434 
3.760000 0.491920 0.014363 
3.780000 0.497320 0.014352 
3.800000 0.504453 0.014570 
3.820000 0.512668 0.013690 
3.840000 0.518403 0.013450 
3.860000 0.525986 0.013737 
3.880000 0.532510 0.013998 
3.900000 0.539601 0.014703 
3.920000 0.548126 0.014903 
3.940000 0.552958 0.014307 
3.960000 0.558921 0.015077 
3.980000 0.564825 0.014610 
4.000000 0.573957 0.013811 
4.020000 0.579256 0.014335 
4.040000 0.587983 0.014407 
4.060000 0.593844 0.015024 
4.080000 0.600999 0.014068 
4.100000 0.607412 0.014515 
4.120000 0.614519 0.014544 
4.140000 0.619651 0.015209 
4.160000 0.622712 0.014362 
4.180000 0.628078 0.014883 
4.200000 0.632474 0.014614 
4.220000 0.636917 0.014502 
4.240000 0.641850 0.014317 
4.260000 0.644851 0.014417 
4.280000 0.648613 0.014531 
4.300000 0.651996 0.014367 
4.320000 0.654387 0.015049 
4.340000 0.657166 0.015651 
4.360000 0.660462 0.015086 
4.380000 0.664677 0.014868 
4.400000 0.666378 0.015135 
4.420000 0.668421 0.015784 
4.440000 0.669927 0.015344 
4.460000 0.670880 0.015334 
4.480000 0.671804 0.014348 
4.500000 0.673228 0.014717 
4.520000 0.673318 0.014588 
4.540000 0.674291 0.015496 
4.560000 0.675094 0.014972 
4.580000 0.678569 0.014846 
4.600000 0.677626 0.015006 
4.620000 0.679205 0.015117 
4.640000 0.680613 0.015355 
4.660000 0.680266 0.015824 
4.680000 0.679722 0.014659 
4.700000 0.680973 0.015067 
4.720000 0.681498 0.014743 
4.740000 0.681994 0.014819 
4.760000 0.681417 0.015456 
4.780000 0.681562 0.014756 
4.800000 0.681329 0.015746 
4.820000 0.681722 0.015825 
4.840000 0.681711 0.015450 
4.860000 0.681255 0.016059 
4.880000 0.681683 0.015580 
4.900000 0.683833 0.014782 
4.920000 0.683013 0.015403 
4.940000 0.683967 0.015305 
4.960000 0.683735 0.015054 
4.980000 0.683742 0.015341 
5.000000 0.683161 0.015500 
5.020000 0.682979 0.015333 
5.040000 0.683321 0.015708 
5.060000 0.682561 0.015678 
5.080000 0.682755 0.015550 
5.100000 0.682850 0.015277 
5.120000 0.682978 0.015813 
5.140000 0.683111 0.016323 
5.160000 0.683273 0.015696 
5.180000 0.683491 0.015503 
5.200000 0.682908 0.015693 
5.220000 0.683094 0.015233 
5.240000 0.683588 0.015279 
5.260000 0.683710 0.016253 
5.280000 0.684219 0.015626 
5.300000 0.684079 0.014963 
5.320000 0.683139 0.015109 
5.340000 0.684194 0.015166 
5.360000 0.683497 0.015658 
5.380000 0.683848 0.015619 
5.400000 0.684643 0.015804 
5.420000 0.683823 0.015448 
5.440000 0.685203 0.015707 
5.460000 0.685666 0.015923 
5.480000 0.685225 0.015523 
5.500000 0.685292 0.015293 
